[gd_scene format=3 uid="uid://biytq2fb3efoh"]

[ext_resource type="PackedScene" uid="uid://c54o7e1n6if07" path="res://mob/zombie/Zombie.glb" id="1_ej2of"]
[ext_resource type="Script" uid="uid://bje2oanxplf4h" path="res://mob/zombie_model.gd" id="2_o2dhb"]

[sub_resource type="AnimationNodeOneShot" id="AnimationNodeOneShot_o2dhb"]

[sub_resource type="AnimationNodeAnimation" id="AnimationNodeAnimation_vstuv"]
animation = &"HitReact"

[sub_resource type="AnimationNodeOneShot" id="AnimationNodeOneShot_56071"]

[sub_resource type="AnimationNodeAnimation" id="AnimationNodeAnimation_e2ut2"]
animation = &"Idle_Attack"

[sub_resource type="AnimationNodeAnimation" id="AnimationNodeAnimation_xccqw"]
animation = &"Idle"

[sub_resource type="AnimationNodeAnimation" id="AnimationNodeAnimation_kycpr"]
animation = &"Walk"

[sub_resource type="AnimationNodeAnimation" id="AnimationNodeAnimation_o2dhb"]
animation = &"Run_Arms"

[sub_resource type="AnimationNodeAnimation" id="AnimationNodeAnimation_56071"]
animation = &"Run"

[sub_resource type="AnimationNodeBlendSpace1D" id="AnimationNodeBlendSpace1D_80un8"]
blend_point_0/node = SubResource("AnimationNodeAnimation_xccqw")
blend_point_0/pos = 0.0
blend_point_1/node = SubResource("AnimationNodeAnimation_kycpr")
blend_point_1/pos = 0.3
blend_point_2/node = SubResource("AnimationNodeAnimation_o2dhb")
blend_point_2/pos = 1.0
blend_point_3/node = SubResource("AnimationNodeAnimation_56071")
blend_point_3/pos = 0.6

[sub_resource type="AnimationNodeBlendTree" id="AnimationNodeBlendTree_lgr31"]
graph_offset = Vector2(-362.63428, 138.69623)
nodes/output/position = Vector2(605.7143, 320)
nodes/locomotion/node = SubResource("AnimationNodeBlendSpace1D_80un8")
nodes/locomotion/position = Vector2(-228.57143, 217.14285)
nodes/AttackOneShot/node = SubResource("AnimationNodeOneShot_o2dhb")
nodes/AttackOneShot/position = Vector2(68.57143, 262.85715)
nodes/attack/node = SubResource("AnimationNodeAnimation_e2ut2")
nodes/attack/position = Vector2(-228.57143, 422.85715)
nodes/TakeDamage/node = SubResource("AnimationNodeAnimation_vstuv")
nodes/TakeDamage/position = Vector2(171.42857, 617.1429)
nodes/TakeDamageOneShot/node = SubResource("AnimationNodeOneShot_56071")
nodes/TakeDamageOneShot/position = Vector2(331.42856, 274.2857)
node_connections = [&"output", 0, &"TakeDamageOneShot", &"AttackOneShot", 0, &"locomotion", &"AttackOneShot", 1, &"attack", &"TakeDamageOneShot", 0, &"AttackOneShot", &"TakeDamageOneShot", 1, &"TakeDamage"]

[node name="ZombieModel" unique_id=1029961563 instance=ExtResource("1_ej2of")]
script = ExtResource("2_o2dhb")

[node name="Skeleton3D" parent="RootNode/CharacterArmature" parent_id_path=PackedInt32Array(190255280) index="0" unique_id=1860693391]
bones/2/position = Vector3(1.1338166e-05, 0.0037865634, 0.000882487)
bones/5/rotation = Quaternion(0.4496301, -7.2711026e-07, 7.204095e-08, 0.8932149)
bones/7/rotation = Quaternion(-0.36401385, -0.00025687518, 9.9959914e-05, 0.93139356)
bones/11/rotation = Quaternion(-0.17166908, -0.024965016, -0.032399297, 0.98430526)
bones/15/position = Vector3(0.00097201444, 0.00035614325, 0.00087814085)
bones/15/rotation = Quaternion(-0.5923209, -0.0648511, -0.41710815, 0.6862734)
bones/17/rotation = Quaternion(-0.090181604, 0.25784203, -0.22657588, 0.9349054)
bones/29/position = Vector3(-0.00096528966, 0.00035614334, 0.000878142)
bones/29/rotation = Quaternion(-0.59232074, 0.06485147, 0.41710848, 0.6862733)
bones/31/rotation = Quaternion(-0.090209246, -0.2583569, 0.22589551, 0.9349252)
bones/36/rotation = Quaternion(-0.036234785, 0.9571053, -0.082409546, -0.27540016)
bones/39/rotation = Quaternion(-0.17996846, 0.15647887, -0.09289363, 0.96669364)
bones/40/rotation = Quaternion(-0.07751695, -0.0027735173, 0.011679619, 0.9969188)
bones/43/rotation = Quaternion(0.9486279, 0.008109873, 0.0026983256, 0.31627858)
bones/44/rotation = Quaternion(0.57606566, 0.0058151903, 0.007906814, 0.8173446)
bones/45/rotation = Quaternion(0.9487184, -0.0081123775, -0.0026939714, 0.31600693)
bones/46/rotation = Quaternion(0.5760657, -0.0058151972, -0.007906786, 0.8173445)

[node name="Tongue5" parent="RootNode/CharacterArmature/Skeleton3D" index="1" unique_id=1367169277]
transform = Transform3D(-0.97451097, -0.21444029, 0.06590079, 0.008204671, -0.32762814, -0.94477046, 0.22418796, -0.9201488, 0.3210368, -0.00012210768, -0.0036950754, 0.006683314)

[node name="Eyelid_L" parent="RootNode/CharacterArmature/Skeleton3D" index="2" unique_id=1595140815]
transform = Transform3D(0.9999999, -1.740409e-08, 1.6239937e-08, 1.5366822e-08, -0.042794585, -0.99908364, 1.8029823e-08, 0.9990836, -0.04279457, 0.0013045081, -0.0025303254, 0.009196496)

[node name="Eyelid_R" parent="RootNode/CharacterArmature/Skeleton3D" index="3" unique_id=947276655]
transform = Transform3D(0.9999999, -1.7505954e-08, 1.6472768e-08, 1.5599653e-08, -0.04279472, -0.99908364, 1.8131686e-08, 0.99908364, -0.042794675, -0.0013045083, -0.0025303252, 0.009196496)

[node name="Pinky3_L" parent="RootNode/CharacterArmature/Skeleton3D" index="4" unique_id=299179211]
transform = Transform3D(-0.1584947, -0.9648273, 0.20973134, -0.9446424, 0.08637303, -0.31652787, 0.28727943, -0.24828926, -0.92510664, 0.005617222, 0.0015598431, 0.002013361)

[node name="Middle3_L" parent="RootNode/CharacterArmature/Skeleton3D" index="5" unique_id=2139569771]
transform = Transform3D(-0.19329529, -0.936522, 0.29251117, -0.9027432, 0.05298513, -0.4269043, 0.38430652, -0.34658128, -0.8556806, 0.0055775847, 0.0008832667, 0.0020045652)

[node name="Index3_L" parent="RootNode/CharacterArmature/Skeleton3D" index="6" unique_id=1930723749]
transform = Transform3D(-0.37512895, -0.7499858, 0.54479283, -0.81692576, -0.010270387, -0.5766511, 0.4380752, -0.66137385, -0.60882986, 0.0054322225, 0.0001737186, 0.002334787)

[node name="Thumb2_L" parent="RootNode/CharacterArmature/Skeleton3D" index="7" unique_id=1499133991]
transform = Transform3D(-0.83608365, -0.060262144, 0.5452815, -0.5385931, -0.09882684, -0.8367498, 0.10431251, -0.99327755, 0.050170854, 0.00366313, 0.00044487207, 0.0029338233)

[node name="Pinky3_R" parent="RootNode/CharacterArmature/Skeleton3D" index="8" unique_id=1973252852]
transform = Transform3D(-0.27240622, -0.3107525, -0.91061974, 0.93941134, 0.11878424, -0.32155463, 0.20809108, -0.9430393, 0.25956675, -0.00582664, 0.0017004174, 0.0020658162)

[node name="Middle3_R" parent="RootNode/CharacterArmature/Skeleton3D" index="9" unique_id=493755820]
transform = Transform3D(-0.42216796, -0.2523927, -0.8706734, 0.90560114, -0.16059488, -0.39255017, -0.04074925, -0.9542052, 0.29636458, -0.00576661, 0.0009283646, 0.0020509833)

[node name="Index3_R" parent="RootNode/CharacterArmature/Skeleton3D" index="10" unique_id=418766364]
transform = Transform3D(-0.5133346, -0.23400348, -0.82566935, 0.8339547, -0.36304206, -0.4155957, -0.202502, -0.90191025, 0.38151035, -0.00541466, 0.00022959389, 0.0022371835)

[node name="Thumb2_R" parent="RootNode/CharacterArmature/Skeleton3D" index="11" unique_id=1526443702]
transform = Transform3D(-0.613984, -0.04791434, -0.78786314, 0.38345185, -0.8905644, -0.24466495, -0.6899194, -0.4523275, 0.5651647, -0.004526125, -2.4620327e-05, 0.0032805614)

[node name="LowerLeg_L" parent="RootNode/CharacterArmature/Skeleton3D" index="12" unique_id=39871123]
transform = Transform3D(0.99992585, 0.008026593, 0.00917781, -0.012082905, 0.5516124, 0.8340173, 0.0016316315, -0.83406246, 0.55166894, 0.0014417603, 1.1329306e-05, 0.0019510896)

[node name="LowerLeg_R" parent="RootNode/CharacterArmature/Skeleton3D" index="13" unique_id=226511583]
transform = Transform3D(0.9999262, -0.008020956, -0.009165599, 0.01207054, 0.5520899, 0.833701, -0.0016267742, -0.8337461, 0.5521465, -0.0014417835, 1.2426055e-05, 0.0019502688)

[node name="AnimationPlayer" parent="." index="1" unique_id=980855217]
unique_name_in_owner = true
autoplay = &"Idle"

[node name="AnimationTree" type="AnimationTree" parent="." index="2" unique_id=1130469528]
unique_name_in_owner = true
root_node = NodePath("%AnimationTree/..")
tree_root = SubResource("AnimationNodeBlendTree_lgr31")
anim_player = NodePath("../AnimationPlayer")
parameters/locomotion/blend_position = 0.0
parameters/AttackOneShot/active = false
parameters/AttackOneShot/internal_active = false
parameters/AttackOneShot/request = 0
parameters/TakeDamageOneShot/active = false
parameters/TakeDamageOneShot/internal_active = false
parameters/TakeDamageOneShot/request = 0
